Ellipsoid_metadata

Method:	covmat

Level:	99

Centroid:
wc2.1_2.5m_bio_2	11.712518453598
wc2.1_2.5m_bio_3	60.9638643971196
wc2.1_2.5m_bio_5	34.0448104187294
wc2.1_2.5m_bio_13	272.314814814815
wc2.1_2.5m_bio_15	69.8305826187134
wc2.1_2.5m_bio_18	435.5

Covariance_matrix:
	wc2.1_2.5m_bio_2	wc2.1_2.5m_bio_3	wc2.1_2.5m_bio_5	wc2.1_2.5m_bio_13	wc2.1_2.5m_bio_15	wc2.1_2.5m_bio_18
wc2.1_2.5m_bio_2	2.55047927489547	4.61205399834142	1.04214142640718	-82.4971455948375	0.294885095915459	-81.5079872407646
wc2.1_2.5m_bio_3	4.61205399834142	54.1962944625617	1.65453425384677	-62.4718961672785	-34.9253965928872	-46.2039210774074
wc2.1_2.5m_bio_5	1.04214142640718	1.65453425384677	3.69755769391359	-13.1321033442792	0.29020234489734	-55.1569472250537
wc2.1_2.5m_bio_13	-82.4971455948375	-62.4718961672785	-13.1321033442792	10818.8906195916	148.378235344575	10381.4953271028
wc2.1_2.5m_bio_15	0.294885095915459	-34.9253965928872	0.29020234489734	148.378235344575	149.630104282393	-109.738590614818
wc2.1_2.5m_bio_18	-81.5079872407646	-46.2039210774074	-55.1569472250537	10381.4953271028	-109.738590614818	20211.4299065421

Volume:	 43915229329

Semi-axes_length:
a	4.46399289876782
b	7.90192291485279
c	26.8392930273179
d	50.6463961378452
e	263.495756911397
f	672.616099032777

Axes_coordinates:
a
	wc2.1_2.5m_bio_2	wc2.1_2.5m_bio_3	wc2.1_2.5m_bio_5	wc2.1_2.5m_bio_13	wc2.1_2.5m_bio_15	wc2.1_2.5m_bio_18
vec_1	15.9123746857439	60.5914064727234	32.5855046622252	272.352437365758	69.6939694551693	435.492036310546
vec_2	7.51266222145212	61.3363223215158	35.5041161752337	272.277192263872	69.9671957822574	435.507963689454
b
	wc2.1_2.5m_bio_2	wc2.1_2.5m_bio_3	wc2.1_2.5m_bio_5	wc2.1_2.5m_bio_13	wc2.1_2.5m_bio_15	wc2.1_2.5m_bio_18
vec_1	9.17158209078553	61.5021089113912	26.583066229242	272.315782864249	69.9564441875909	435.470801125371
vec_2	14.2534548164105	60.425619882848	41.5065546082169	272.313846765381	69.7047210498358	435.529198874629
c
	wc2.1_2.5m_bio_2	wc2.1_2.5m_bio_3	wc2.1_2.5m_bio_5	wc2.1_2.5m_bio_13	wc2.1_2.5m_bio_15	wc2.1_2.5m_bio_18
vec_1	14.5762537495191	86.2028072621887	35.0346844233746	272.188499148987	78.4394609255447	435.683960649521
vec_2	8.8487831576769	35.7249215320505	33.0549364140842	272.441130480643	61.221704311882	435.316039350479
d
	wc2.1_2.5m_bio_2	wc2.1_2.5m_bio_3	wc2.1_2.5m_bio_5	wc2.1_2.5m_bio_13	wc2.1_2.5m_bio_15	wc2.1_2.5m_bio_18
vec_1	11.7108913396617	44.6277965272229	33.6694923692449	270.340995079025	117.711725891461	436.744835957516
vec_2	11.7141455675343	77.2999322670163	34.420128468214	274.288634550605	21.9494393459658	434.255164042484
e
	wc2.1_2.5m_bio_2	wc2.1_2.5m_bio_3	wc2.1_2.5m_bio_5	wc2.1_2.5m_bio_13	wc2.1_2.5m_bio_15	wc2.1_2.5m_bio_18
vec_1	13.3160008499954	62.8419810057844	32.8414658899115	51.1551241307939	57.6351682371313	578.195937149848
vec_2	10.1090360572006	59.0857477884548	35.2481549475473	493.474505498836	82.0259970002955	292.804062850152
f
	wc2.1_2.5m_bio_2	wc2.1_2.5m_bio_3	wc2.1_2.5m_bio_5	wc2.1_2.5m_bio_13	wc2.1_2.5m_bio_15	wc2.1_2.5m_bio_18
vec_1	8.88213004812155	59.1430832413629	32.7080249083223	636.966043158606	69.5371138870605	1000.68023575095
vec_2	14.5429068590745	62.7846455528763	35.3815959291366	-92.3364135289767	70.1240513503662	-129.680235750946
